%YAML:1.0
---
body_T_cam0: !!opencv-matrix
   rows: 4
   cols: 4
   dt: d
   data: [ 9.4456867124312893e-03, -5.7849049794062024e-04,
       9.9995522117306557e-01, 1.1064031613883264e-01,
       -9.9994625585388608e-01, -4.2793420556512807e-03,
       9.4431263554686784e-03, 5.5663740165357890e-02,
       4.2736876728663442e-03, -9.9999067624669125e-01,
       -6.1888073185589754e-04, -3.0275283943543001e-04, 0., 0., 0., 1. ]
body_T_cam1: !!opencv-matrix
   rows: 4
   cols: 4
   dt: d
   data: [ 9.5801155005950100e-03, -5.6994637522994607e-04,
       9.9995394721363273e-01, 1.1161956995307935e-01,
       -9.9994498555287281e-01, -4.2773362397334758e-03,
       9.5775916783352177e-03, 6.4441661450273906e-03,
       4.2716805428208993e-03, -9.9999068973457028e-01,
       -6.1089239515688121e-04, -3.6148498678427205e-04, 0., 0., 0., 1. ]
