%YAML:1.0
---
body_T_cam0: !!opencv-matrix
   rows: 4
   cols: 4
   dt: d
   data: [ -3.0597105734349483e-02, -5.8927835241659454e-03,
       9.9951442822153336e-01, 4.7302157421591003e-02,
       -9.9953144626651969e-01, -6.5966180705956390e-04,
       -3.0601515822913872e-02, 2.2936545354189812e-02,
       8.3966960215819952e-04, -9.9998241981978775e-01,
       -5.8698386963857985e-03, 6.1639590858913150e-02, 0., 0., 0., 1. ]
body_T_cam1: !!opencv-matrix
   rows: 4
   cols: 4
   dt: d
   data: [ -3.0069515759978849e-02, -5.7183785193311576e-03,
       9.9953145241611607e-01, 4.4848038940723180e-02,
       -9.9954744323873812e-01, -6.8446400583832556e-04,
       -3.0073912680706472e-02, -2.7107742793766636e-02,
       8.5611731814760894e-04, -9.9998341569054772e-01,
       -5.6952091272584049e-03, 6.1794907739113121e-02, 0., 0., 0., 1. ]
