cam_width:  640
cam_height: 480
cam_fx: 346.74048
cam_fy: 349.12708
cam_cx: 322.83899
cam_cy: 234.54992
