cam_width:  640
cam_height: 480
cam_fx: 462.266357421875
cam_fy: 462.266357421875
cam_cx: 320.0
cam_cy: 240.0
