%YAML:1.0
---
body_T_cam0: !!opencv-matrix
   rows: 4
   cols: 4
   dt: d
   data: [ 2.1914413851182202e-02, -3.7473741155878204e-02,
       9.9905729424760303e-01, 6.4914869165193428e-02,
       -9.9876091382033361e-01, 4.3839776823470400e-02,
       2.3552303344703263e-02, -1.0589091539611119e-03,
       -4.4681041732839377e-02, -9.9833551108425012e-01,
       -3.6466584948658731e-02, 1.9132863365527931e-02, 0., 0., 0., 1. ]
body_T_cam1: !!opencv-matrix
   rows: 4
   cols: 4
   dt: d
   data: [ 2.0424899463826307e-02, -3.6637020820614319e-02,
       9.9911988879577529e-01, 6.8973975113937283e-02,
       -9.9881330092384069e-01, 4.3445063745085832e-02,
       2.2011731731204576e-02, -4.9627376821950404e-02,
       -4.4213271531449438e-02, -9.9838382155440364e-01,
       -3.5706182642660345e-02, 1.6539431749583423e-02, 0., 0., 0., 1. ]
