%YAML:1.0
---
body_T_cam0: !!opencv-matrix
   rows: 4
   cols: 4
   dt: d
   data: [ -4.7155975808554906e-03, -8.2833371334978256e-03,
       9.9995457370091978e-01, 8.2383298576422806e-02,
       -9.9996196988864972e-01, -7.2971117341600333e-03,
       -4.7760796423714780e-03, 2.1285863839072893e-02,
       7.3363421312341304e-03, -9.9993906738674432e-01,
       -8.2486118748235082e-03, 3.1163908620463143e-02, 0., 0., 0., 1. ]
body_T_cam1: !!opencv-matrix
   rows: 4
   cols: 4
   dt: d
   data: [ -6.1234807860026663e-03, -7.5345746449784756e-03,
       9.9995286547315976e-01, 8.4822160531206781e-02,
       -9.9995048673252573e-01, -7.7977062072775993e-03,
       -6.1822213880187715e-03, -2.7109912381942661e-02,
       7.8439190746046883e-03, -9.9994121125335411e-01,
       -7.4864524794338028e-03, 3.1094952079956474e-02, 0., 0., 0., 1. ]
